11011110111110101100111011011011
10101011111000010011100011011110
10101101011001000001011001100010
00001000000000000100010100000000
00010110011111000000000000000001
00000000000000000100000000010001
10010100010110000000101000011001
10000111011011001010110001000000
10010010010100101111100111100000
00110000001110010001011001101000
10010100011110100110001100000001
10011000011001011000010001101010
00010011000001111000111001110100
10011000001010111000010001110101
00010011000110110000010010000011
01001101110110000100111100000000
11000110101100001100100101010010
01000110010000110010000000110111
00110110001110000010000000100000
00100000001000000010000000100000
00100000001000000010000000100000
00100000001000000010000000100000
00100000001000000010000000100000
00100000001000000010000000100000
00100000001000000010000000100000
00100000001000000010000000100000
00100000001000000010000000100000
00100000001000000010000000100000
00100000001000000010000000100000
00100000001000000010000000100000
00100000001000000010000000100000
00100000001000000010000000100000
00100000001000000100101000101110
00100000010100000110111101110011
01110100011001010110110000001010
00100000001000000010000000100000
00100000001000000010000000100000
00100000001000000010000000100000
00100000001000000010000000100000
00100000001000000010000000100000
00100000001000000010000000100000
00100000001000000010000000100000
00100000001000000010000000100000
00100000001000000010000000100000
00100000001000000010000000100000
00100000001000000010000000100000
00100000001000000010000000100000
00100000001000000010000000100000
00100000001000000010000000100000
00100000001000000010000000100000
00100000001000000010000000100000
00100000001000000010000000100000
00100000010010010101001101001001
00001010001000000010000000100000
00100000001000000010000000100000
00100000001000000010000000100000
00100000001000000010000000100000
00100000001000000010000000100000
00100000001000000010000000100000
00100000001000000010000000100000
00100000001000000010000000100000
00100000001000000010000000100000
00100000001000000010000000100000
00100000001000000010000000100000
00100000001000000010000000100000
00100000001000000010000000100000
00100000001000000010000000100000
00100000001000000010000000110010
00111000001000000100000101110101
01100111011101010111001101110100
00100000001100010011100100111000
00110000000010100000101000001010
00001010001000000010000000100000
00100000001000000010000000100000
00100000001000000010000000100000
00100000001000000010000000100000
00100000001000000010000000100000
00100000001000000010000000100000
00100000001000000101010101110011
01100101011100100010000001000100
01100001011101000110000101100111
01110010011000010110110100100000
01010000011100100110111101110100
01101111011000110110111101101100
00001010001000000010000000100000
00100000001000000010000000100000
00100000001000000010000000100000
00100000001000000010000000100000
00100000001000000010000000100000
00100000001000000010000000100000
00100000001000000010110100101101
00101101001011010010110100101101
00101101001011010010110100101101
00101101001011010010110100101101
00101101001011010010110100101101
00101101001011010010110100101101
00001010000010100100100101101110
01110100011100100110111101100100
01110101011000110111010001101001
01101111011011100000101000101101
00101101001011010010110100101101
00101101001011010010110100101101
00101101001011010010110100001010
00001010010101000110100001101001
01110011001000000101010101110011
01100101011100100010000001000100
01100001011101000110000101100111
01110010011000010110110100100000
00100000010100000111001001101111
01110100011011110110001101101111
01101100001000000010000000101000
01010101010001000101000000101001
00100000001000000110100101110011
00100000001000000110010001100101
01100110011010010110111001100101
01100100001000000010000001110100
01101111001000000010000001101101
01100001011010110110010100100000
00100000011000010111011001100001
01101001011011000110000101100010
01101100011001010010000000100000
01100001000010100110010001100001
01110100011000010110011101110010
01100001011011010010000000100000
00100000011011010110111101100100
01100101001000000010000001101111
01100110001000000010000001110000
01100001011000110110101101100101
01110100001011010111001101110111
01101001011101000110001101101000
01100101011001000010000000100000
00100000011000110110111101101101
01110000011101010111010001100101
01110010001000000010000000100000
01100011011011110110110101101101
01110101011011100110100101100011
01100001011101000110100101101111
01101110001000000010000001101001
01101110001000000010000001110100
01101000011001010000101001100101
01101110011101100110100101110010
01101111011011100110110101100101
01101110011101000010000000100000
01101111011001100010000000100000
01100001011011100010000000100000
01101001011011100111010001100101
01110010011000110110111101101110
01101110011001010110001101110100
01100101011001000010000000100000
01110011011001010111010000100000
00100000011011110110011000100000
00100000011000110110111101101101
01110000011101010111010001100101
01110010001000000010000001101110
01100101011101000111011101101111
01110010011010110111001100101110
00100000001000000010000001010100
01101000011010010111001100001010
01110000011100100110111101110100
01101111011000110110111101101100
00100000001000000110000101110011
01110011011101010110110101100101
01110011001000000010000001110100
01101000011000010111010000100000
01110100011010000110010100100000
01001001011011100111010001100101
01110010011011100110010101110100
00100000001000000101000001110010
01101111011101000110111101100011
01101111011011000010000000100000
00101000010010010101000000101001
00100000001000000101101100110001
01011101001000000110100101110011
00100000011101010111001101100101
01100100001000000110000101110011
00100000011101000110100001100101
00001010011101010110111001100100
01100101011100100110110001111001
01101001011011100110011100100000
01110000011100100110111101110100
01101111011000110110111101101100
00101110000010100000101001010100
01101000011010010111001100100000
01110000011100100110111101110100
01101111011000110110111101101100
00100000001000000111000001110010
01101111011101100110100101100100
01100101011100110010000000100000
01100001001000000111000001110010
01101111011000110110010101100100
01110101011100100110010100100000
00100000011001100110111101110010
00100000011000010111000001110000
01101100011010010110001101100001
01110100011010010110111101101110
00100000001000000111000001110010
01101111011001110111001001100001
01101101011100110010000000100000
01110100011011110010000001110011
01100101011011100110010000001010
01101101011001010111001101110011
01100001011001110110010101110011
00100000001000000111010001101111
00100000011011110111010001101000
01100101011100100010000001110000
01110010011011110110011101110010
01100001011011010111001100100000
00100000011101110110100101110100
01101000001000000110000100100000
01101101011010010110111001101001
01101101011101010110110100100000
00100000011011110110011000100000
01110000011100100110111101110100
01101111011000110110111101101100
00100000011011010110010101100011
01101000011000010110111001101001
01110011011011010010111000100000
00100000010101000110100001100101
00001010011100000111001001101111
01110100011011110110001101101111
01101100001000000010000001101001
01110011001000000111010001110010
01100001011011100111001101100001
01100011011101000110100101101111
01101110001000000110111101110010
01101001011001010110111001110100
01100101011001000010110000100000
01100001011011100110010000100000
01100100011001010110110001101001
01110110011001010111001001111001
00100000011000010110111001100100
00100000011001000111010101110000
01101100011010010110001101100001
01110100011001010010000001110000
01110010011011110111010001100101
01100011011101000110100101101111
01101110000010100110000101110010
01100101001000000110111001101111
01110100001000000110011101110101
01100001011100100110000101101110
01110100011001010110010101100100
00101110001000000010000001000001
01110000011100000110110001101001
01100011011000010111010001101001
01101111011011100111001100100000
01110010011001010111000101110101
01101001011100100110100101101110
01100111001000000110111101110010
01100100011001010111001001100101
01100100001000000111001001100101
01101100011010010110000101100010
01101100011001010010000001100100
01100101011011000110100101110110
01100101011100100111100100100000
01101111011001100000101001110011
01110100011100100110010101100001
01101101011100110010000001101111
01100110001000000110010001100001
01110100011000010010000001110011
01101000011011110111010101101100
01100100001000000111010101110011
01100101001000000111010001101000
01100101001000000101010001110010
01100001011011100111001101101101
01101001011100110111001101101001
01101111011011100010000001000011
01101111011011100111010001110010
01101111011011000010000001010000
01110010011011110111010001101111
01100011011011110110110000100000
00101000010101000100001101010000
00101001001000000101101100110010
01011101001011100000101000001010
01000110011011110111001001101101
01100001011101000000101000101101
00101101001011010010110100101101
00101101000010100000101000001010
00100000001000000010000000100000
00100000001000000010000000100000
00100000001000000010000000100000
00100000001000000010000000100000
00100000001000000011000000100000
00100000001000000010000000100000
00100000001101110010000000111000
00100000001000000010000000100000
00100000001100010011010100100000
00110001001101100010000000100000
00100000001000000011001000110011
00100000001100100011010000100000
00100000001000000010000000110011
00110001000010100010000000100000
00100000001000000010000000100000
00100000001000000010000000100000
00100000001000000010000000100000
00100000001000000010000000101011
00101101001011010010110100101101
00101101001011010010110100101101
00101011001011010010110100101101
00101101001011010010110100101101
00101101001010110010110100101101
00101101001011010010110100101101
00101101001011010010101100101101
00101101001011010010110100101101
00101101001011010010110100101011
00001010001000000010000000100000
00100000001000000010000000100000
00100000001000000010000000100000
00100000001000000010000000100000
00100000001000000111110000100000
00100000001000000010000000100000
01010011011011110111010101110010
01100011011001010010000000100000
00100000001000000010000000100000
01111100001000000010000000100000
01000100011001010111001101110100
01101001011011100110000101110100
01101001011011110110111000100000
00100000001000000111110000001010
00100000001000000010000000100000
00100000001000000010000000100000
00100000001000000010000000100000
00100000001000000010000000100000
00100000011111000010000000100000
00100000001000000010000000100000
01010000011011110111001001110100
00100000001000000010000000100000
00100000001000000010000001111100
00100000001000000010000000100000
00100000001000000101000001101111
01110010011101000010000000100000
00100000001000000010000000100000
00100000011111000000101000100000
00100000001000000010000000100000
00100000001000000010000000100000
00100000001000000010000000100000
00100000001000000010000000100000
00101011001011010010110100101101
00101101001011010010110100101101
00101101001010110010110100101101
00101101001011010010110100101101
00101101001011010010101100101101
00101101001011010010110100101101
00101101001011010010110100101011
00101101001011010010110100101101
00101101001011010010110100101101
00101011000010100010000000100000
00100000001000000010000000100000
00100000001000000010000000100000
00100000001000000010000000100000
00100000001000000010000001111100
00100000001000000010000000100000
00100000001000000010000000100000
00100000001000000010000000100000
00100000001000000010000000100000
00100000011111000010000000100000
00100000001000000010000000100000
00100000001000000010000000100000
00100000001000000010000000100000
00100000001000000010000001111100
00001010001000000010000000100000
00100000001000000010000000100000
00100000001000000010000000100000
00100000001000000010000000100000
00100000001000000111110000100000
00100000001000000010000000100000
01001100011001010110111001100111
01110100011010000010000000100000
00100000001000000010000000100000
01111100001000000010000000100000
00100000010000110110100001100101
01100011011010110111001101110101
01101101001000000010000000100000
00100000001000000111110000001010
00100000001000000010000000100000
00100000001000000010000000100000
00100000001000000010000000100000
00100000001000000010000000100000
00100000001010110010110100101101
00101101001011010010110100101101
00101101001011010010101100101101
00101101001011010010110100101101
00101101001011010010110100101011
00101101001011010010110100101101
00101101001011010010110100101101
00101011001011010010110100101101
00101101001011010010110100101101
00101101001010110000101000100000
00100000001000000010000000100000
00100000001000000010000000100000
00100000001000000010000000100000
00100000001000000010000000100000
01111100000010100010000000100000
00100000001000000010000000100000
00100000001000000010000000100000
00100000001000000010000000100000
00100000001000000010000001111100
00100000001000000010000000100000
00100000001000000010000000100000
00100000001000000110010001100001
01110100011000010010000001101111
01100011011101000110010101110100
01110011001000000010111000101110
00101110000010100010000000100000
00100000001000000010000000100000
00100000001000000010000000100000
00100000001000000010000000100000
00100000001000000010000000101011
00101101001011010010110100101101
00101101001011010010110100101101
00101101001011010010110100101101
00101101001011010010110100101101
00100000001011100010111000101110
00001010000010100010000000100000
00100000001000000010000000100000
00100000001000000010000000100000
00100000001000000010000000100000
00100000001000000010000000100000
00100000001000000010000000100000
01010101011100110110010101110010
00100000010001000110000101110100
01100001011001110111001001100001
01101101001000000100100001100101
01100001011001000110010101110010
00100000010001100110111101110010
01101101011000010111010000001010
00001010010001100110100101100101
01101100011001000111001100001010
00101101001011010010110100101101
00101101001011010000101000001010
01010011011011110111010101110010
01100011011001010010000001010000
01101111011100100111010000100000
01101001011100110010000001100001
01101110001000000110111101110000
01110100011010010110111101101110
01100001011011000010000001100110
01101001011001010110110001100100
00101100001000000111011101101000
01100101011011100010000001101101
01100101011000010110111001101001
01101110011001110110011001110101
01101100001011000010000001101001
01110100001000000110100101101110
01100100011010010110001101100001
01110100011001010111001100100000
01110100011010000110010100100000
01110000011011110111001001110100
00001010011011110110011000100000
01110100011010000110010100100000
01110011011001010110111001100100
01101001011011100110011100100000
00100000011100000111001001101111
01100011011001010111001101110011
00101100001000000010000001100001
01101110011001000010000001101101
01100001011110010010000001100010
01100101001000000110000101110011
01110011011101010110110101100101
01100100001000000010000001110100
01101111001000000110001001100101
00100000011101000110100001100101
00100000011100000110111101110010
01110100001000000010000001110100
01101111001000000111011101101000
01101001011000110110100000100000
01100001000010100111001001100101
01110000011011000111100100100000
01110011011010000110111101110101
01101100011001000010000000100000
01100010011001010010000001100001
01100100011001000111001001100101
01110011011100110110010101100100
00100000001000000110100101101110
00100000011101000110100001100101
00100000011000010110001001110011
01100101011011100110001101100101
00100000011011110110011000100000
01100001011011100111100100100000
01101111011101000110100001100101
01110010001000000110100101101110
01100110011011110111001001101101
01100001011101000110100101101111
01101110001011100010000000100000
01001001011001100000101001101110
01101111011101000010000001110101
01110011011001010110010000101100
00100000011000010010000001110110
01100001011011000111010101100101
00100000011011110110011000100000
01111010011001010111001001101111
00100000011010010111001100100000
01101001011011100111001101100101
01110010011101000110010101100100
00101110000010100000101000001010
00001010000010100000101001010000
01101111011100110111010001100101
01101100001000000010000000100000
00100000001000000010000000100000
00100000001000000010000000100000
00100000001000000010000000100000
00100000001000000010000000100000
00100000001000000010000000100000
00100000001000000010000000100000
00100000001000000010000000100000
00100000001000000010000000100000
00100000001000000010000000100000
00100000001000000010000000100000
00100000001000000010000000100000
00100000001000000010000000100000
00100000001000000010000000100000
00100000001000000010000001011011
01110000011000010110011101100101
00100000001100010101110100001010
00001010000010100010000000100000
00100000001000000010000000100000
00100000001000000010000000100000
00100000001000000010000000100000
00100000001000000010000000100000
00100000001000000010000000100000
00100000001000000010000000100000
00100000001000000010000000100000
00100000001000000010000000100000
00100000001000000010000000100000
00100000001000000010000000100000
00100000001000000010000000100000
00100000001000000010000000100000
00100000001000000010000000100000
00100000001000000010000000100000
00100000001000000010000000110010
00111000001000000100000101110101
01100111001000000011000100111001
00111000001100000000101001010101
01110011011001010111001000100000
01000100011000010111010001100001
01100111011100100110000101101101
00100000010100000111001001101111
01110100011011110110001101101111
01101100001000000010000000100000
00100000001000000010000000100000
00100000001000000010000000100000
00100000001000000010000000100000
00100000001000000010000000100000
00100000001000000010000000100000
00100000001000000010000000100000
00100000001000000010000000100000
00100000001000000010000000100000
00100000001000000010000000100000
00100000001000000010000000100000
01010010010001100100001100100000
00110111001101100011100000001010
01000110011010010110010101101100
01100100011100110000101000001010
00001010000010100100010001100101
01110011011101000110100101101110
01100001011101000110100101101111
01101110001000000010000001010000
01101111011100100111010000100000
01101000011000010111001100100000
01100001001000000110110101100101
01100001011011100110100101101110
01100111001000000010000001110111
01101001011101000110100001101001
01101110001000000010000001110100
01101000011001010010000000100000
01100011011011110110111001110100
01100101011110000111010000100000
00100000011011110110011000100000
00100000011000010010000000100000
01110000011000010111001001110100
01101001011000110111010101101100
01100001011100100000101001101001
01101110011101000110010101110010
01101110011001010111010000100000
01100100011001010111001101110100
01101001011011100110000101110100
01101001011011110110111000100000
01100001011001000110010001110010
01100101011100110111001100101110
00001010000010100100110001100101
01101110011001110111010001101000
00100000001000000110100101110011
00100000011101000110100001100101
00100000011011000110010101101110
01100111011101000110100000100000
00100000011010010110111000100000
01101111011000110111010001100101
01110100011100110010000000100000
01101111011001100010000001110100
01101000011010010111001100100000
01110101011100110110010101110010
00100000011001000110000101110100
01100001011001110111001001100001
01101101001000000010000001101001
01101110011000110110110001110101
01100100011010010110111001100111
00100000001000000111010001101000
01101001011100110000101001101000
01100101011000010110010001100101
01110010001000000010000001100001
01101110011001000010000001110100
01101000011001010010000001100100
01100001011101000110000100101110
00100000001000000010000000101000
01010100011010000110100101110011
00100000001000000110110101100101
01100001011011100111001100100000
00100000011101000110100001100101
00100000011011010110100101101110
01101001011011010111010101101101
00100000011101100110000101101100
01110101011001010010000001101111
01100110001000000111010001101000
01100101001000000110110001100101
01101110011001110111010001101000
00100000011010010111001100001010
01100101011010010110011101101000
01110100001011100010100100001010
00001010010000110110100001100101
01100011011010110111001101110101
01101101001000000110100101110011
00100000011101000110100001100101
00100000001100010011011000101101
01100010011010010111010000100000
01101111011011100110010100100111
01110011001000000110001101101111
01101101011100000110110001100101
01101101011001010110111001110100
00100000011011110110011000100000
01110100011010000110010100100000
01101111011011100110010100100111
01110011001000000110001101101111
01101101011100000110110001100101
01101101011001010110111001110100
00100000011100110111010101101101
00100000011011110110011000100000
01100001000010100111000001110011
01100101011101010110010001101111
00100000011010000110010101100001
01100100011001010111001000100000
01101111011001100010000001101001
01101110011001100110111101110010
01101101011000010111010001101001
01101111011011100010000001100110
01110010011011110110110100100000
01110100011010000110010100100000
01001001010100000010000001101000
01100101011000010110010001100101
01110010001011000010000001110100
01101000011001010010000001010101
01000100010100000010000001101000
01100101011000010110010001100101
01110010001011000010000001100001
01101110011001000010000001110100
01101000011001010000101001100100
01100001011101000110000100101100
00100000001000000111000001100001
01100100011001000110010101100100
00100000001000000111011101101001
01110100011010000010000001111010
01100101011100100110111100100000
01101111011000110111010001100101
01110100011100110010000000100000
01100001011101000010000001110100
01101000011001010010000001100101
01101110011001000010000000101000
01101001011001100010000000100000
01101110011001010110001101100101
01110011011100110110000101110010
01111001001010010010000000100000
01110100011011110010000000100000
01101101011000010110101101100101
00100000001000000110000100001010
01101101011101010110110001110100
01101001011100000110110001100101
00100000011011110110011000100000
01110100011101110110111100100000
01101111011000110111010001100101
01110100011100110010111000001010
00001010010101000110100001100101
00100000011100000111001101100101
01110101011001000110111100100000
00100000011010000110010101100001
01100100011001010111001000100000
00100000011000110110111101101110
01100011011001010111000001110100
01110101011000010110110001101100
01111001001000000111000001110010
01100101011001100110100101111000
01100101011001000010000001110100
01101111001000000111010001101000
01100101001000000101010101000100
01010000001000000110100001100101
01100001011001000110010101110010
00100000011000110110111101101110
01110100011000010110100101101110
01110011001000000111010001101000
01100101000010100111001101101111
01110101011100100110001101100101
00100000001000000110000101100100
01100100011100100110010101110011
01110011001011000010000000100000
01110100011010000110010100100000
01100100011001010111001101110100
01101001011011100110000101110100
01101001011011110110111000100000
00100000011000010110010001100100
01110010011001010111001101110011
00101100001000000010000001110100
01101000011001010010000001110000
01110010011011110111010001101111
01100011011011110110110000101100
00100000001000000110000101101110
01100100001000000111010001101000
01100101001000000010000001010101
01000100010100000000101001101100
01100101011011100110011101110100
01101000001011100010000000100000
00100000010101000110100001101001
01110011001000000110100101101110
01100110011011110111001001101101
01100001011101000110100101101111
01101110001000000110011101101001
01110110011001010111001100100000
01110000011100100110111101110100
01100101011000110111010001101001
01101111011011100010000001100001
01100111011000010110100101101110
01110011011101000010000001101101
01101001011100110111001001101111
01110101011101000110010101100100
00100000011001000110000101110100
01100001011001110111001001100001
01101101011100110010111000001010
01010100011010000110100101110011
00100000011000110110100001100101
01100011011010110111001101110101
01101101001000000111000001110010
01101111011000110110010101100100
01110101011100100110010100100000
01101001011100110010000001110100
01101000011001010010000001110011
01100001011011010110010100100000
01100001011100110010000001101001
01110011001000000111010101110011
01100101011001000010000001101001
01101110001000000101010001000011
01010000001011100000101000001010
00100000001000000010000000100000
00100000001000000010000000100000
00100000001000000010000000100000
00100000001000000010000000100000
00100000001000000011000000100000
00100000001000000010000000100000
00100000001101110010000000111000
00100000001000000010000000100000
00100000001100010011010100100000
00110001001101100010000000100000
00100000001000000011001000110011
00100000001100100011010000100000
00100000001000000010000000110011
00110001000010100010000000100000
00100000001000000010000000100000
00100000001000000010000000100000
00100000001000000010000000100000
00100000001000000010000000101011
00101101001011010010110100101101
00101101001011010010110100101101
00101011001011010010110100101101
00101101001011010010110100101101
00101101001010110010110100101101
00101101001011010010110100101101
00101101001011010010101100101101
00101101001011010010110100101101
00101101001011010010110100101011
00001010001000000010000000100000
00100000001000000010000000100000
00100000001000000010000000100000
00100000001000000010000000100000
00100000001000000111110000100000
00100000001000000010000000100000
00100000001000000010000000100000
00100000011100110110111101110101
01110010011000110110010100100000
01100001011001000110010001110010
01100101011100110111001100100000
00100000001000000010000000100000
00100000001000000010000000100000
00100000001000000111110000001010
00100000001000000010000000100000
00100000001000000010000000100000
00100000001000000010000000100000
00100000001000000010000000100000
00100000001010110010110100101101
00101101001011010010110100101101
00101101001011010010101100101101
00101101001011010010110100101101
00101101001011010010110100101011
00101101001011010010110100101101
00101101001011010010110100101101
00101011001011010010110100101101
00101101001011010010110100101101
00101101001010110000101000100000
00100000001000000010000000100000
00100000001000000010000000100000
00100000001000000010000000100000
00100000001000000010000000100000
01111100001000000010000000100000
00100000001000000010000000100000
00100000011001000110010101110011
01110100011010010110111001100001
01110100011010010110111101101110
00100000011000010110010001100100
01110010011001010111001101110011
00100000001000000010000000100000
00100000001000000010000000100000
01111100000010100010000000100000
00100000001000000010000000100000
00100000001000000010000000100000
00100000001000000010000000100000
00100000001000000010000000101011
00101101001011010010110100101101
00101101001011010010110100101101
00101011001011010010110100101101
00101101001011010010110100101101
00101101001010110010110100101101
00101101001011010010110100101101
00101101001011010010101100101101
00101101001011010010110100101101
00101101001011010010110100101011
00001010001000000010000000100000
00100000001000000010000000100000
00100000001000000010000000100000
00100000001000000010000000100000
00100000001000000111110000100000
00100000011110100110010101110010
01101111001000000010000001111100
01110000011100100110111101110100
01101111011000110110111101101100
01111100001000000010000000100000
01010101010001000101000000100000
01101100011001010110111001100111
01110100011010000010000000100000
00100000001000000111110000001010
00100000001000000010000000100000
00100000001000000010000000100000
00100000001000000010000000100000
00100000001000000010000000100000
00100000001010110010110100101101
00101101001011010010110100101101
00101101001011010010101100101101
00101101001011010010110100101101
00101101001011010010110100101011
00101101001011010010110100101101
00101101001011010010110100101101
00101011001011010010110100101101
00101101001011010010110100101101
00101101001010110000101000001010
01001001011001100010000001110100
01101000011001010010000001100011
01101111011011010111000001110101
01110100011001010110010000100000
00100000011000110110100001100101
01100011011010110111001101110101
01101101001000000010000001101001
01110011001000000111101001100101
01110010011011110010110000100000
00100000011010010111010000100000
01101001011100110010000001110100
01110010011000010110111001110011
01101101011010010111010001110100
01100101011001000010000000100000
01100001011100110010000001100001
01101100011011000010000001101111
01101110011001010111001100100000
00101000011101000110100001100101
00001010011001010111000101110101
01101001011101100110000101101100
01100101011011100111010000100000
00100000011010010110111000100000
01101111011011100110010100100111
01110011001000000110001101101111
01101101011100000110110001100101
01101101011001010110111001110100
00100000001000000110000101110010
01101001011101000110100001101101
01100101011101000110100101100011
00101001001011100010000000100000
00100000010000010110111000100000
01100001011011000110110000100000
01111010011001010111001001101111
00100000001000000111010001110010
01100001011011100111001101101101
01101001011101000111010001100101
01100100000010100110001101101000
01100101011000110110101101110011
01110101011011010010000000100000
01110110011000010110110001110101
01100101001000000110110101100101
01100001011011100111001100100000
01110100011010000110000101110100
00100000011101000110100001100101
00100000011101000111001001100001
01101110011100110110110101101001
01110100011101000110010101110010
00100000001000000110011101100101
01101110011001010111001001100001
01110100011001010110010000100000
00100000011011100110111100100000
01100011011010000110010101100011
01101011011100110111010101101101
00100000001000000010100001100110
01101111011100100000101001100100
01100101011000100111010101100111
01100111011010010110111001100111
00100000011011110111001000100000
01100110011011110111001000100000
01101000011010010110011101101000
01100101011100100010000001101100
01100101011101100110010101101100
00100000011100000111001001101111
01110100011011110110001101101111
01101100011100110010000001110100
01101000011000010111010000100000
01100100011011110110111000100111
01110100001000000110001101100001
01110010011001010010100100101110
00001010000010100101010101110011
01100101011100100010000001001001
01101110011101000110010101110010
01100110011000010110001101100101
00001010001011010010110100101101
00101101001011010010110100101101
00101101001011010010110100101101
00101101001011010010110100001010
00001010010000010010000001110101
01110011011001010111001000100000
01101001011011100111010001100101
01110010011001100110000101100011
01100101001000000111001101101000
01101111011101010110110001100100
00100000011000010110110001101100
01101111011101110000101000001010
00100000001000000111010001101000
01100101001000000110001101110010
01100101011000010111010001101001
01101111011011100010000001101111
01100110001000000110111001100101
01110111001000000111001001100101
01100011011001010110100101110110
01100101001000000111000001101111
01110010011101000111001100101100
00001010000010100010000000100000
01110010011001010110001101100101
01101001011101100110010100100000
00100000011011110111000001100101
01110010011000010111010001101001
01101111011011100111001100100000
00100000011011110110111000100000
01110100011010000110010100100000
01110010011001010110001101100101
01101001011101100110010100100000
00100000011100000110111101110010
01110100011100110010000001110100
01101000011000010111010000100000
01110010011001010111010001110101
01110010011011100010000001110100
01101000011001010010000001100100
01100001011101000110000100100000
01101111011000110111010001100101
01110100011100110000101000100000
00100000011000010110111001100100
00100000011000010110111000100000
01101001011011100110010001101001
01100011011000010111010001101001
01101111011011100010000001101111
01100110001000000111001101101111
01110101011100100110001101100101
00100000011100000110111101110010
01110100001000000110000101101110
01100100001000000111001101101111
01110101011100100110001101100101
00100000011000010110010001100100
01110010011001010111001101110011
00101100000010100000101000100000
00100000011000010110111001100100
00100000011000010110111000100000
01101111011100000110010101110010
01100001011101000110100101101111
01101110001000000010000001110100
01101000011000010111010000100000
01100001011011000110110001101111
01110111011100110010000000100000
01100001001000000110010001100001
01110100011000010110011101110010
01100001011011010010000000100000
01110100011011110010000001100010
01100101001000000111001101100101
01101110011101000010110000100000
00100000011100110111000001100101
01100011011010010110011001111001
01101001011011100110011100100000
01110100011010000110010100001010
00100000001000000110010001100001
01110100011000010010110000100000
01110011011011110111010101110010
01100011011001010010000001100001
01101110011001000010000001100100
01100101011100110111010001101001
01101110011000010111010001101001
01101111011011100010000001110000
01101111011100100111010001110011
00100000011000010110111001100100
00100000011000010110010001100100
01110010011001010111001101110011
01100101011100110010000001110100
01101111001000000110001001100101
00100000011100110110010101101110
01110100001011100000101000001010
00001010000010100000101000001010
00001010010110110111000001100001
01100111011001010010000000110010
01011101001000000010000000100000
00100000001000000010000000100000
00100000001000000010000000100000
00100000001000000010000000100000
00100000001000000010000000100000
00100000001000000010000000100000
00100000001000000010000000100000
00100000001000000010000000100000
00100000001000000010000000100000
00100000001000000010000000100000
00100000001000000010000000100000
00100000001000000010000000100000
00100000001000000010000000100000
00100000001000000010000000100000
00100000001000000010000001010000
01101111011100110111010001100101
01101100000010100000101000001010
00110010001110000010000001000001
01110101011001110010000000110001
00111001001110000011000000001010
01010010010001100100001100100000
00110111001101100011100000100000
00100000001000000010000000100000
00100000001000000010000000100000
00100000001000000010000000100000
00100000001000000010000000100000
00100000001000000010000000100000
00100000001000000010000000100000
00100000001000000010000000100000
00100000001000000010000000100000
00100000001000000010000000100000
00100000001000000010000000100000
00100000001000000101010101110011
01100101011100100010000001000100
01100001011101000110000101100111
01110010011000010110110100100000
01010000011100100110111101110100
01101111011000110110111101101100
00001010001000000010000000100000
00100000001000000010000000100000
00100000001000000010000000100000
00100000001000000010000000100000
00100000001000000010000000100000
00100000001000000010000000100000
00100000001000000010000000100000
00100000001000000010000000100000
00100000001000000010000000100000
00100000001000000010000000100000
00100000001000000010000000100000
00100000001000000010000000100000
00100000001000000010000000100000
00100000001000000010000000100000
00100000001000000010000000100000
00100000010010010101000000100000
01001001011011100111010001100101
01110010011001100110000101100011
01100101000010100000101000001010
00001010010010010101000000100000
01001001011011100111010001100101
01110010011001100110000101100011
01100101000010100010110100101101
00101101001011010010110100101101
00101101001011010010110100101101
00101101001011010010110100001010
00001010010101000110100001100101
00100000010101010100010001010000
00100000011011010110111101100100
01110101011011000110010100100000
00100000011011010111010101110011
01110100001000000110001001100101
00100000011000010110001001101100
01100101001000000111010001101111
00100000011001000110010101110100
01100101011100100110110101101001
01101110011001010010000000100000
01110100011010000110010100100000
00100000011100110110111101110101
01110010011000110110010100100000
00100000011000010110111001100100
00100000001000000110010001100101
01110011011101000110100101101110
01100001011101000110100101101111
01101110000010100110100101101110
01110100011001010111001001101110
01100101011101000010000001100001
01100100011001000111001001100101
01110011011100110110010101110011
00100000011000010110111001100100
00100000011101000110100001100101
00100000011100000111001001101111
01110100011011110110001101101111
01101100001000000110011001101001
01100101011011000110010000100000
01100110011100100110111101101101
00100000011101000110100001100101
00100000011010010110111001110100
01100101011100100110111001100101
01110100001000000110100001100101
01100001011001000110010101110010
00101110001000000010000001001111
01101110011001010000101001110000
01101111011100110111001101101001
01100010011011000110010100100000
00100000010101010100010001010000
00101111010010010101000000100000
00100000011010010110111001110100
01100101011100100110011001100001
01100011011001010010000000100000
01110111011011110111010101101100
01100100001000000111001001100101
01110100011101010111001001101110
00100000001000000111010001101000
01100101001000000111011101101000
01101111011011000110010100100000
00100000011010010110111001110100
01100101011100100110111001100101
01110100001000000010000001100100
01100001011101000110000101100111
01110010011000010110110100001010
01101001011011100110001101101100
01110101011001000110100101101110
01100111001000000110000101101100
01101100001000000110111101100110
00100000011101000110100001100101
00100000011010010110111001110100
01100101011100100110111001100101
01110100001000000110100001100101
01100001011001000110010101110010
00100000011010010110111000100000
01110010011001010111001101110000
01101111011011100111001101100101
00100000011101000110111100100000
01100001001000000111001001100101
01100011011001010110100101110110
01100101001000000110111101110000
01100101011100100110000101110100
01101001011011110110111000101110
00001010010100110111010101100011
01101000001000000110000101101110
00100000011010010110111001110100
01100101011100100110011001100001
01100011011001010010000000100000
01110111011011110111010101101100
01100100001000000010000001100001
01101100011100110110111100100000
01100001011011000110110001101111
01110111001000000010000001110100
01101000011001010010000001010101
01000100010100000010000001110100
01101111001000000111000001100001
01110011011100110010000000100000
01100001001000000010000001100110
01110101011011000110110000100000
00100000011010010110111001110100
01100101011100100110111001100101
01110100000010100110010001100001
01110100011000010110011101110010
01100001011011010010000000100000
01100011011011110110110101110000
01101100011001010111010001100101
00100000001000000111011101101001
01110100011010000010000001101000
01100101011000010110010001100101
01110010001000000010000001110100
01101111001000000111010001101000
01100101001000000100100101010000
00100000011101000110111100100000
01110011011001010110111001100100
00101110001000000010000001010100
01101000011001010010000001001001
01010000001000000111011101101111
01110101011011000110010000100000
01110110011001010111001001101001
01100110011110010000101001100011
01100101011100100111010001100001
01101001011011100010000001100110
01101001011001010110110001100100
01110011001000000110011001101111
01110010001000000110001101101111
01101110011100110110100101110011
01110100011001010110111001100011
01111001001000000110000101101110
01100100001000000110001101101111
01101101011100000111010101110100
01100101001000000111010001101000
01100101001000000110100101101110
01110100011001010111001001101110
01100101011101000010000001101000
01100101011000010110010001100101
01110010001000000110001101101000
01100101011000110110101101110011
01110101011011010010111000001010
00001010010100000111001001101111
01110100011011110110001101101111
01101100001000000100000101110000
01110000011011000110100101100011
01100001011101000110100101101111
01101110000010100010110100101101
00101101001011010010110100101101
00101101001011010010110100101101
00101101001011010010110100101101
00101101001011010010110100101101
00101101001011010000101000001010
01010100011010000110010100100000
01101101011000010110101001101111
01110010001000000111010101110011
01100101011100110010000001101111
01100110001000000111010001101000
01101001011100110010000001110000
01110010011011110111010001101111
01100011011011110110110000100000
01101001011100110010000001110100
01101000011001010010000001001001
01101110011101000110010101110010
01101110011001010111010000100000
01001110011000010110110101100101
00100000010100110110010101110010
01110110011001010111001000100000
01011011001100110101110100101100
00100000011000010110111001100100
00100000011101000110100001100101
00001010010101000111001001101001
01110110011010010110000101101100
00100000010001100110100101101100
01100101001000000101010001110010
01100001011011100111001101100110
01100101011100100010000001011011
00110100010111010010111000001010
00001010010100000111001001101111
01110100011011110110001101101111
01101100001000000100111001110101
01101101011000100110010101110010
00001010001011010010110100101101
00101101001011010010110100101101
00101101001011010010110100101101
00101101001011010010110100101101
00001010000010100101010001101000
01101001011100110010000001101001
01110011001000000111000001110010
01101111011101000110111101100011
01101111011011000010000000100000
00110001001101110010000000101000
00110010001100010010000001101111
01100011011101000110000101101100
00101001001000000010000001110111
01101000011001010110111000100000
01110101011100110110010101100100
00100000001000000110100101101110
00100000001000000111010001101000
01100101001000000010000001001001
01101110011101000110010101110010
01101110011001010111010000100000
00100000010100000111001001101111
01110100011011110110001101101111
01101100001011100000101001001111
01110100011010000110010101110010
00100000011100000111001001101111
01110100011011110110001101101111
01101100001000000110111001110101
01101101011000100110010101110010
01110011001000000110000101110010
01100101001000000110110001101001
01110011011101000110010101100100
00100000011010010110111000100000
01011011001101010101110100101110
00001010000010100101001001100101
01100110011001010111001001100101
01101110011000110110010101110011
00001010001011010010110100101101
00101101001011010010110100101101
00101101001011010010110100001010
00001010010110110011000101011101
00100000001000000010000000100000
00100000010100000110111101110011
01110100011001010110110000101100
00100000001000000010000001001010
00101110001011000010000000100000
00100000001000100100100101101110
01110100011001010111001001101110
01100101011101000010000000100000
01010000011100100110111101110100
01101111011000110110111101101100
00101100001000100010000000100000
01010010010001100100001100100000
00110111001101100011000000101100
00100000001000000101010101010011
01000011001011110100100101101110
01100110011011110111001001101101
01100001011101000110100101101111
01101110000010100010000000100000
00100000001000000010000000100000
00100000001000000101001101100011
01101001011001010110111001100011
01100101011100110010000001001001
01101110011100110111010001101001
01110100011101010111010001100101
00101100001000000100101001100001
01101110011101010110000101110010
01111001001000000011000100111001
00111000001100000010111000001010
00001010010110110011001001011101
00100000001000000010000000100000
00100000010100000110111101110011
01110100011001010110110000101100
00100000001000000010000000100000
01001010001011100010110000100000
00100000001000000010001001010100
01110010011000010110111001110011
01101101011010010111001101110011
01101001011011110110111000100000
00100000001000000100001101101111
01101110011101000111001001101111
01101100001000000010000000100000
01010000011100100110111101110100
01101111011000110110111101101100
00101100001000100010000000100000
00100000010100100100011001000011
00100000001101110011011000110001
00101100000010100010000000100000
00100000001000000010000000100000
00100000001000000101010101010011
01000011001011110100100101101110
01100110011011110111001001101101
01100001011101000110100101101111
01101110001000000101001101100011
01101001011001010110111001100011
01100101011100110010000001001001
01101110011100110111010001101001
01110100011101010111010001100101
00101100001000000100101001100001
01101110011101010110000101110010
01111001001000000011000100111001
00111000001100000010111000001010
00001010010110110011001101011101
00100000001000000010000000100000
00100000010100000110111101110011
01110100011001010110110000101100
00100000001000000100101000101110
00101100001000000010000000100010
01001001011011100111010001100101
01110010011011100110010101110100
00100000001000000100111001100001
01101101011001010010000001010011
01100101011100100111011001100101
01110010001011000010001000100000
00100000010101010101001101000011
00101111010010010110111001100110
01101111011100100110110101100001
01110100011010010110111101101110
00100000010100110110001101101001
01100101011011100110001101100101
01110011000010100010000000100000
00100000001000000010000000100000
00100000001000000100100101101110
01110011011101000110100101110100
01110101011101000110010100101100
00100000010010010100010101001110
00100000001100010011000100110110
00101100001000000100000101110101
01100111011101010111001101110100
00100000001100010011100100110111
00111001001011100000101000001010
01011011001101000101110100100000
00100000001000000010000000100000
01010011011011110110110001101100
01101001011011100111001100101100
00100000001000000100101100101110
00101100001000000010000000100010
01010100011010000110010100100000
01010100010001100101010001010000
00100000010100000111001001101111
01110100011011110110001101101111
01101100001011000010001000100000
00100000010011010110000101110011
01110011011000010110001101101000
01110101011100110110010101110100
01110100011100110010000000100000
01001001011011100111001101110100
01101001011101000111010101110100
01100101001000000110111101100110
00001010001000000010000000100000
00100000001000000010000000100000
00100000010101000110010101100011
01101000011011100110111101101100
01101111011001110111100100101100
00100000010010010100010101001110
00100000001100010011001100110011
00101100001000000100101001100001
01101110011101010110000101110010
01111001001000000011000100111001
00111000001100000010111000001010
00001010010110110011010101011101
00100000001000000010000000100000
00100000010100000110111101110011
01110100011001010110110000101100
00100000001000000010000001001010
00101110001011000010000000100000
00100000001000100100000101110011
01110011011010010110011101101110
01100101011001000010000000100000
00100000010011100111010101101101
01100010011001010111001001110011
00101100001000100010000000100000
01010101010100110100001100101111
01001001011011100110011001101111
01110010011011010110000101110100
01101001011011110110111000100000
00100000010100110110001101101001
01100101011011100110001101100101
01110011000010100010000000100000
00100000001000000010000000100000
00100000001000000100100101101110
01110011011101000110100101110100
01110101011101000110010100101100
00100000010100100100011001000011
00100000001101110011011000110010
00101100001000000100101001100001
01101110011101010110000101110010
01111001001000000011000100111001
00111000001100000010111000001010
00001010000010100000101000001010
00001010000010100000000000000000
